data.json
{"header": { "discipline":0, "disciplineName":"Meteorological products", "gribEdition":2, "gribLength":78267, "center":7, "centerName":"US National Weather Service - NCEP(WMC)", "subcenter":0, "refTime":"2025-01-30T00:00:00.000Z", "significanceOfRT":1, "significanceOfRTName":"Start of forecast", "productStatus":0, "productStatusName":"Operational products", "productType":1, "productTypeName":"Forecast products", "productDefinitionTemplate":0, "productDefinitionTemplateName":"Analysis/forecast at horizontal level/layer at a point in time", "parameterCategory":2, "parameterCategoryName":"Momentum", "parameterNumber":2, "parameterNumberName":"U-component_of_wind", "parameterUnit":"m.s-1", "genProcessType":2, "genProcessTypeName":"Forecast", "forecastTime":0, "surface1Type":103, "surface1TypeName":"Specified height level above ground", "surface1Value":10.0, "surface2Type":255, "surface2TypeName":"Missing", "surface2Value":0.0, "gridDefinitionTemplate":0, "gridDefinitionTemplateName":"Latitude_Longitude", "numberPoints":65160, "shape":6, "shapeName":"Earth spherical with radius of 6,371,229.0 m", "gridUnits":"degrees", "resolution":48, "winds":"true", "scanMode":0, "nx":360, "ny":181, "basicAngle":0, "lo1":0.0, "la1":90.0, "lo2":359.0, "la2":-90.0, "dx":1.0, "dy":1.0 }, "data":
[rows 26 to 51 of 181, columns 0 to 57 of 360]
-3.6755152,-3.8655152,-3.4055152,-1.5555152,0.14448486,1.8644849,2.5544848,0.20448487,-0.40551513,-2.265515,-2.815515,-1.7755151,-1.8955151,-1.7555151,1.8344848,-0.23551513,-0.50551516,-1.5555152,-2.2055151,-1.8555151,-3.1655152,-6.3255153,-8.865515,-7.3255153,-4.545515,-4.5155153,-4.915515,-4.985515,-5.585515,-5.415515,-6.2255154,-6.455515,-5.985515,-5.605515,-5.135515,-4.965515,-4.335515,-6.615515,-5.685515,-3.535515,-2.6955152,-2.315515,-2.025515,-1.8555151,-1.4555151,-1.2655151,-1.0055151,-1.6255151,-1.0455152,-1.2355151,-1.5055151,-1.0555152,-0.8055151,-0.0155151365,-0.7455151,-0.69551516,-0.84551513,-0.96551514
-11.505515,-9.455515,-6.655515,-4.205515,-2.515515,-2.3955152,-2.525515,-1.3455151,-1.3455151,-0.48551515,0.26448485,-1.0755152,-1.1955152,0.20448487,1.4644848,1.0744848,0.53448486,0.024484864,-0.82551515,-4.835515,-6.135515,-4.3455153,-2.6855152,-2.6855152,-2.6955152,-2.6855152,-3.795515,-3.275515,-4.525515,-3.525515,-4.2455153,-3.9055152,-4.0955153,-4.295515,-4.395515,-4.125515,-4.655515,-4.335515,-3.795515,-3.1255152,-2.9555151,-2.495515,-2.4655151,-1.9855151,-1.6855152,-1.3355151,-1.1055151,-1.1655152,-1.0355152,-0.9755151,-1.2855152,-1.5455152,-1.3155152,-0.6655151,-0.56551516,-0.84551513,-0.7255151,-0.96551514
-4.7455153,-5.5355153,-7.0355153,-4.7455153,-2.8455153,-0.32551515,-1.3355151,-2.8855152,1.2544849,1.8244848,2.1444848,0.98448485,0.80448484,1.6544849,1.0644848,1.7744849,2.0944848,1.1644849,-0.035515137,-2.575515,-1.8555151,-2.295515,-1.5555152,-1.2455151,-0.5455151,-0.0055151368,-0.17551513,-1.1255151,-1.3155152,-2.3555152,-3.515515,-2.315515,-2.3455153,-2.6855152,-2.745515,-6.705515,-3.6255152,-3.1055152,-2.985515,-2.4255152,-2.045515,-2.245515,-1.3755151,-1.5655152,-1.5355152,-1.7155151,-1.4255152,-1.1455151,-1.0455152,-0.83551514,-1.0455152,-1.5055151,-1.7255151,-1.7455151,-0.68551517,-1.0255151,-0.31551513,-0.41551512
5.334485,3.1244848,0.41448486,-0.65551513,0.42448485,-2.065515,-1.9455152,-0.9755151,0.33448488,1.8944849,1.3244848,0.43448487,0.85448486,1.1444849,2.0544848,1.4844849,2.9044847,2.754485,6.4444847,5.184485,4.624485,2.6044848,1.0944848,0.98448485,1.0944848,0.68448484,1.0944848,1.2644849,1.9144849,1.7544849,0.55448484,-2.1455152,-3.1855152,-2.1355152,-1.4055152,-1.2855152,-2.995515,-2.805515,-2.2155151,-2.055515,-1.7255151,-1.3555151,-1.2855152,-1.2255151,-0.93551517,-0.8055151,-0.6055151,-0.50551516,-0.27551514,-0.025515137,-0.7355151,-0.59551513,-1.1855152,-0.95551515,-0.45551515,-0.9955151,-0.6155151,-0.7855151
13.1444845,11.314485,8.664485,4.9244847,-1.3455151,-1.2755151,-2.535515,-0.8555151,1.0644848,1.9344848,0.80448484,0.49448487,0.98448485,1.1644849,1.3844849,1.7844849,3.0344849,2.974485,2.8844848,5.114485,6.204485,6.514485,4.2344847,3.244485,3.5444849,3.684485,2.194485,2.4044847,2.8844848,2.254485,1.0544848,0.7144849,-0.14551514,-1.1055151,-1.6355151,-1.4155152,-1.2255151,-1.2855152,-2.085515,-1.9655151,-1.6655152,-1.4555151,-1.2855152,-1.2555151,-0.8655151,-0.47551513,-0.23551513,-0.28551513,-0.14551514,-0.24551514,-0.38551512,-0.39551514,-0.77551514,-1.0155151,-0.90551513,-0.37551513,-0.83551514,-0.64551514
10.054485,9.494485,8.084485,7.1744847,-4.435515,-0.075515136,-1.7755151,-1.0955151,0.92448485,0.62448484,0.54448485,-0.75551516,0.29448485,1.2844849,3.454485,2.3944848,2.5544848,2.8844848,4.144485,6.704485,6.244485,5.044485,4.314485,2.734485,1.8844849,1.8044848,1.8344848,0.5244849,2.0644848,2.214485,1.2744849,0.67448485,0.35448486,-0.69551516,-0.84551513,-0.9855151,-1.0055151,-1.5955151,-2.1355152,-1.4355152,-1.2655151,-1.4055152,-1.0055151,-1.3455151,-1.1355151,-0.76551515,-0.6755151,-0.33551514,-0.41551512,-0.38551512,-0.15551513,-0.33551514,-0.58551514,-1.0055151,-0.21551514,-0.46551514,-0.29551515,-0.94551516
8.914485,9.004485,8.444485,10.014484,-6.125515,-7.485515,-8.445515,-6.405515,-5.815515,-4.685515,-2.325515,-0.9755151,0.18448487,0.74448484,1.7644849,2.3944848,2.434485,4.074485,4.724485,3.504485,4.6544847,4.604485,3.0344849,0.5744849,1.7444849,1.5644848,0.9444849,2.0444849,0.9444849,1.8544849,1.8444848,1.6644849,1.2144848,0.6444849,-0.17551513,-0.52551514,-0.57551515,-0.59551513,-0.0155151365,-1.2055151,-1.2455151,-1.2655151,-1.2255151,-0.93551517,-0.8655151,-0.7255151,-0.37551513,-0.14551514,0.20448487,0.12448487,0.014484864,0.48448485,-0.15551513,-1.4855151,-0.6055151,-0.39551514,0.35448486,-0.7255151
9.384485,8.854485,9.334485,9.514484,9.364485,-0.41551512,-4.775515,-3.985515,-3.3955152,-1.9555151,0.17448486,1.7044848,2.3844848,0.90448487,2.8344848,1.7844849,2.254485,3.8544848,3.514485,3.1044848,2.5744848,1.8544849,1.2244849,1.6344849,0.90448487,0.87448484,1.1644849,1.4144849,2.254485,2.434485,2.0944848,1.4344848,1.3844849,1.1744848,0.78448486,0.45448485,-0.23551513,-0.83551514,-0.40551513,-0.06551514,-0.9255151,-0.7355151,-0.8555151,-0.46551514,-0.33551514,0.0044848635,-0.52551514,0.35448486,0.7044849,1.6944848,1.1644849,0.32448485,0.41448486,-0.47551513,-0.96551514,-0.6055151,-0.34551513,1.8844849
8.004485,8.814485,9.164485,10.074485,10.534485,9.424485,9.404485,8.6844845,4.0044847,0.7144849,2.6344848,5.184485,5.744485,3.9044847,2.964485,5.1744847,6.0044847,5.574485,7.284485,8.334485,8.324485,7.144485,3.234485,1.9044849,1.7444849,1.9544848,1.8444848,0.9644849,1.7344849,2.8144848,2.5944848,2.1344848,1.8544849,1.6244849,2.164485,1.7044848,0.87448484,0.28448486,0.41448486,0.44448486,0.18448487,-0.115515135,-0.26551515,0.23448487,0.79448485,0.68448484,0.56448483,1.6444849,1.3744849,0.78448486,0.97448486,1.9644848,1.1544849,0.49448487,-0.62551516,-0.39551514,-0.6055151,-0.06551514
7.224485,7.574485,8.074485,8.294485,8.844485,10.384485,10.1844845,9.034485,8.734485,4.834485,5.794485,8.304485,7.0244846,9.014484,10.1444845,10.494485,12.354485,12.274485,10.6444845,7.4044847,7.1744847,4.364485,4.914485,3.3044848,2.1144848,2.444485,1.3744849,1.7344849,1.8544849,1.9044849,2.7744849,3.2844849,1.6944848,1.5444849,1.7644849,1.6644849,2.1244848,1.3944849,1.2544849,0.7544849,0.33448488,0.43448487,-0.0155151365,0.034484863,0.67448485,1.1544849,1.7544849,1.5444849,2.0344849,1.1244849,1.9344848,1.5744848,1.7944849,2.464485,1.8044848,0.32448485,-0.50551516,0.064484864
5.414485,5.334485,5.1944847,6.1744847,6.354485,6.864485,8.954485,8.504485,8.194485,5.1544847,3.924485,4.4044847,4.6744847,5.124485,4.634485,5.844485,4.934485,4.414485,3.8044848,4.354485,4.1744847,4.284485,2.764485,4.1744847,2.504485,3.1144848,1.9344848,2.5244849,2.434485,1.5844848,2.5744848,2.664485,1.7644849,1.4544848,1.2544849,2.434485,1.0544848,1.6644849,1.6144849,1.2744849,0.8344849,0.7044849,0.48448485,1.0144849,0.56448483,0.29448485,0.5244849,1.5844848,1.4844849,0.97448486,1.8944849,1.3344848,0.92448485,1.7044848,2.5644848,1.2944849,0.91448486,0.19448486
1.9144849,3.2744849,1.9944849,3.0744848,3.5544848,4.784485,1.9644848,2.454485,2.3944848,2.8144848,2.3544848,3.0344849,3.3244848,2.8344848,1.9544848,3.5944848,3.5844848,4.544485,4.644485,3.8444848,4.874485,4.804485,3.264485,2.724485,2.8544848,2.444485,1.9944849,2.684485,2.0644848,1.8544849,2.6244848,1.7644849,1.0944848,1.4844849,1.5444849,1.7144848,0.29448485,0.73448485,1.2244849,1.0044849,0.43448487,0.9644849,0.74448484,0.46448487,0.54448485,0.67448485,1.2344849,1.7344849,1.4444848,1.0344849,1.0244849,1.6844848,1.0744848,0.99448484,1.4444848,2.764485,1.0644848,0.86448485
-0.28551513,-0.5355151,-2.305515,-2.3855152,0.08448486,1.0744848,1.2744849,1.0844848,1.5244849,0.5144849,0.10448486,1.3444848,1.2944849,2.1244848,1.8644849,2.454485,2.0944848,2.754485,3.214485,3.5844848,3.6544847,4.314485,4.124485,3.194485,2.004485,1.8344848,1.4444848,1.9644848,1.7544849,1.7244849,1.8744849,1.3344848,1.3944849,1.6444849,1.7444849,0.90448487,0.27448487,0.9444849,0.6944849,0.7144849,0.61448485,0.39448488,0.36448488,0.40448487,0.26448485,0.5244849,0.22448486,0.65448487,1.6444849,1.9444848,1.2344849,2.6344848,1.5644848,1.0644848,1.4844849,1.5344849,3.454485,1.4344848
-2.285515,-3.0955153,-4.0555153,-2.4055152,-1.9855151,0.15448487,-0.75551516,-1.7355151,-0.29551515,0.35448486,0.19448486,0.7144849,0.5044849,1.1944848,-0.37551513,0.34448487,0.59448487,1.2844849,1.4344848,1.8344848,2.0644848,3.5844848,2.694485,1.2944849,1.6844848,1.9144849,3.0644848,1.3944849,2.3644848,2.694485,2.1444848,1.5744848,1.3644849,1.6644849,1.8944849,-0.19551514,0.064484864,0.61448485,0.42448485,0.32448485,-0.045515135,0.85448486,-0.6755151,0.12448487,0.30448487,0.8944849,0.99448484,1.2844849,1.3344848,2.184485,1.6944848,2.3044848,2.3044848,3.1344848,3.704485,2.5744848,4.294485,3.8544848
-9.075515,-0.43551514,-0.52551514,-0.23551513,0.034484863,0.26448485,0.31448486,0.27448487,-1.1055151,-1.6655152,-1.1055151,-0.6755151,-0.6155151,0.24448486,0.25448486,0.29448485,-0.41551512,-0.9755151,1.7144848,1.0544848,0.12448487,0.7144849,1.3344848,0.46448487,0.6344849,1.7644849,2.474485,2.764485,2.6544847,2.464485,2.1044848,2.764485,1.1444849,1.9544848,-0.16551514,-0.36551514,-0.23551513,-0.28551513,-0.0055151368,-0.27551514,-0.12551513,-0.9955151,0.14448486,0.064484864,0.11448486,0.67448485,0.98448485,1.1644849,1.6244849,1.8444848,1.4344848,2.684485,1.9344848,1.4344848,2.504485,4.204485,4.264485,4.604485
0.90448487,1.8144848,1.4444848,-0.30551514,-1.5055151,1.4444848,0.54448485,0.72448486,0.56448483,-1.2655151,-1.5055151,-0.95551515,-1.4155152,-1.7855152,0.8244849,-1.5755152,-0.9855151,-1.9255152,-1.3055152,-1.2155151,-0.115515135,0.86448485,-0.94551516,-0.19551514,0.90448487,0.45448485,0.45448485,0.92448485,1.0544848,0.79448485,1.1244849,0.7044849,2.0444849,1.0344849,-0.7255151,-0.7355151,-0.5355151,-0.9255151,-1.0555152,-1.1055151,-1.4155152,-1.0255151,-0.89551514,-0.9155151,0.08448486,-0.42551515,-0.23551513,0.0044848635,1.2144848,1.7844849,2.0744848,1.5144849,2.0344849,1.7844849,0.8844849,3.1444848,3.764485,4.7544847
-0.76551515,-0.18551514,0.7044849,1.3544849,0.18448487,-1.2655151,-1.4355152,0.42448485,-1.5355152,-0.9255151,-1.2855152,-0.47551513,-0.8055151,-1.4055152,-0.43551514,-0.6155151,0.24448486,-1.8155152,-2.6255152,-2.1855152,-0.81551516,-0.62551516,-1.7855152,-1.8055152,-1.2255151,0.7644849,1.4844849,0.46448487,-1.2455151,-0.95551515,-0.96551514,-1.0955151,-0.29551515,0.92448485,-0.0055151368,-0.6755151,-0.63551515,-1.5655152,-1.5955151,-1.3855151,-0.7855151,-1.4355152,-1.6555152,-1.9055152,-1.6255151,-1.9555151,-1.8755151,-1.0855151,0.23448487,0.9644849,1.4944849,1.9344848,1.9844849,1.2244849,0.17448486,1.7144848,3.164485,3.6444848
-2.285515,-1.4455152,-0.025515137,-0.6755151,-0.40551513,-0.22551514,-0.5355151,-0.40551513,-0.62551516,-1.3255152,-3.4755151,-2.3455153,-0.43551514,0.90448487,0.90448487,2.0944848,0.29448485,-0.50551516,0.054484863,-0.51551515,-1.3555151,-1.0355152,-1.1655152,-0.9755151,-0.9155151,-1.9255152,1.4644848,0.24448486,-1.1055151,-1.2355151,-1.1955152,-1.1655152,-0.82551515,-0.34551513,1.4644848,0.12448487,-2.4055152,-1.4855151,-2.2155151,-1.4055152,-1.5855151,-1.9855151,-2.1455152,-1.9055152,-2.505515,-2.2255151,-1.0355152,-1.7855152,-1.1755152,-0.48551515,-0.39551514,-0.6755151,-0.25551513,0.6944849,-0.22551514,0.20448487,1.7544849,2.8644848
-3.6855152,-1.6955152,-0.71551514,0.8844849,-0.82551515,0.73448485,-1.0055151,-2.035515,1.8944849,-1.2455151,-0.14551514,0.14448486,1.1944848,-1.4655151,0.62448484,0.9544849,-0.16551514,-0.32551515,-2.015515,-2.085515,-2.1255152,-2.6955152,-1.4755151,-1.5655152,-0.31551513,-0.7455151,-0.93551517,0.31448486,-0.88551515,-1.7855152,-1.9955151,-1.5255151,0.68448484,1.0644848,0.80448484,0.86448485,1.0244849,0.17448486,-1.6055151,-0.75551516,-1.7055151,-2.245515,-2.7155151,-2.315515,-2.3455153,-1.3655151,-3.6155152,-3.1255152,-3.275515,-1.9655151,-2.1655152,-2.2055151,-1.9855151,-1.5755152,-0.9255151,-0.48551515,0.90448487,1.7844849
-3.025515,-2.8955152,-1.6455151,-0.29551515,-1.8755151,0.6944849,-2.6955152,0.37448487,1.2744849,0.30448487,-1.5955151,-1.1755152,0.19448486,-0.57551515,-0.76551515,-1.9355152,0.61448485,0.5144849,0.0044848635,-2.335515,-3.1655152,-2.3755152,-1.5555152,0.7644849,-0.7855151,-0.7455151,-1.1455151,-0.90551513,-0.9255151,-1.0155151,0.6444849,1.8944849,2.3544848,1.6444849,0.61448485,1.4244848,0.80448484,-1.8155152,0.034484863,0.10448486,0.10448486,-1.9355152,-0.6155151,-0.28551513,-1.0055151,-1.3955151,-3.1055152,-3.8855152,-6.0155153,-4.7455153,-3.1355152,-2.265515,-2.3755152,-1.1555152,-0.76551515,0.044484865,1.1044849,1.8444848
-2.8955152,-2.9255152,-1.8255152,-3.3655152,-4.175515,-7.215515,-1.9055152,-0.045515135,1.7044848,1.1144849,-2.4255152,-0.21551514,1.5144849,2.7944849,-1.5355152,-1.7555151,-1.4555151,-0.7855151,-0.24551514,0.26448485,-0.18551514,-1.2755151,-1.0555152,-0.76551515,-1.6755152,-2.9155152,-2.6355152,-1.1255151,-0.18551514,1.4444848,2.5244849,3.1544847,3.5744848,2.5744848,2.464485,1.3144848,-0.23551513,-1.8855151,-2.6455152,-1.5055151,-0.16551514,0.60448486,-0.31551513,0.92448485,-0.39551514,-0.94551516,-1.9055152,-3.1955152,-5.795515,-5.635515,-5.735515,-4.5555153,-2.555515,-1.9155152,-0.44551513,-0.27551514,0.60448486,1.6944848
0.6944849,0.72448486,0.18448487,2.8144848,0.9644849,-2.825515,-2.6255152,-5.175515,1.9744849,3.0344849,5.294485,-0.055515137,1.0144849,-0.15551513,3.1144848,-2.4555151,1.3244848,-3.305515,-1.9255152,-0.23551513,-0.81551516,-0.055515137,-1.5655152,-1.5055151,0.33448488,0.26448485,-0.6655151,0.12448487,1.1244849,2.984485,2.5244849,2.7844849,2.214485,1.6344849,-0.21551514,-0.77551514,-2.315515,-2.6955152,-2.6855152,-2.8955152,-2.9055152,-1.5555152,-1.1355151,-2.045515,1.6244849,-0.32551515,-0.29551515,0.044484865,-4.835515,-8.755515,-6.7455153,-4.935515,-4.385515,-3.4455152,-2.065515,-2.3655152,-1.0055151,0.18448487
-0.94551516,1.1544849,1.2944849,2.6544847,7.4644847,3.2944849,3.724485,0.93448484,-1.8655151,-1.8155152,2.234485,-0.6055151,-0.22551514,-1.7055151,0.73448485,2.264485,3.5744848,1.2144848,-2.2155151,-2.9555151,-2.4355152,0.32448485,-1.5355152,-0.28551513,1.6944848,0.07448486,-1.7955152,0.62448484,0.064484864,1.3644849,-0.56551516,-1.5555152,-2.025515,-1.0855151,1.2744849,1.7044848,-3.535515,-3.525515,-3.075515,-3.035515,-2.2055151,-3.1955152,-0.82551515,-0.27551514,-0.25551513,0.094484866,-2.585515,1.6444849,0.39448488,0.74448484,-6.455515,-5.395515,-5.7255154,-3.085515,-3.2055151,-3.335515,-2.6655152,-1.1955152
1.8644849,3.8144848,8.364485,7.0044847,4.064485,3.194485,2.974485,3.0344849,3.494485,-0.47551513,4.4844847,6.574485,3.504485,1.1744848,-0.19551514,-0.7955151,2.5644848,2.414485,0.08448486,-3.005515,-2.015515,-1.9955151,-0.87551516,-1.9055152,-1.5555152,-1.0655152,2.6344848,1.4044849,-0.16551514,-2.1455152,-0.71551514,-0.94551516,-0.8055151,-0.84551513,1.3444848,-0.025515137,1.2644849,0.67448485,0.6944849,-1.3355151,0.62448484,-2.1355152,-1.3755151,0.034484863,0.13448486,1.8044848,0.68448484,-0.47551513,-1.0155151,0.56448483,-1.3855151,-3.9055152,-5.7655153,-4.485515,-5.3055153,-5.7255154,-2.7155151,-2.9155152
3.5744848,5.564485,7.014485,1.4644848,3.674485,5.874485,5.324485,4.2744846,2.414485,-1.6955152,1.2044848,4.7744846,8.464485,8.034485,5.264485,3.434485,-0.7455151,1.9044849,-0.34551513,-9.415515,-2.745515,-0.7955151,-1.5455152,-1.8655151,-1.9755151,-0.22551514,-1.3155152,-0.71551514,0.37448487,-2.305515,-0.45551515,-1.5055151,-1.8255152,-1.3255152,0.60448486,0.35448486,-0.6155151,-1.2655151,-1.2455151,-2.1355152,-0.83551514,0.094484866,0.28448486,0.49448487,2.194485,-2.335515,2.2844849,1.5544848,-1.7855152,-1.1955152,-0.6655151,-2.775515,-3.1255152,-1.5755152,-6.085515,-4.115515,-4.115515,-4.145515
5.914485,4.804485,6.434485,7.2744846,7.074485,6.044485,5.044485,4.354485,4.384485,1.4944849,6.224485,6.604485,6.974485,6.224485,9.154485,7.644485,4.364485,0.72448486,-0.7355151,-7.525515,-9.955515,-2.295515,0.56448483,-0.39551514,-1.2155151,-0.5555151,-0.5455151,-1.9055152,-1.3755151,-1.3355151,0.23448487,0.24448486,-1.8355151,-1.0855151,-0.62551516,-0.8055151,-0.96551514,0.48448485,0.08448486,-0.6655151,-1.8255152,-2.9655151,-1.3755151,1.3044848,-1.3155152,0.23448487,0.59448487,0.19448486,0.81448483,0.044484865,-2.545515,-3.795515,-4.735515,-8.055515,-6.565515,-3.815515,-1.9455152,-5.135515
