data.json
{"header": { "discipline":0, "disciplineName":"Meteorological products", "gribEdition":2, "gribLength":78267, "center":7, "centerName":"US National Weather Service - NCEP(WMC)", "subcenter":0, "refTime":"2025-01-30T00:00:00.000Z", "significanceOfRT":1, "significanceOfRTName":"Start of forecast", "productStatus":0, "productStatusName":"Operational products", "productType":1, "productTypeName":"Forecast products", "productDefinitionTemplate":0, "productDefinitionTemplateName":"Analysis/forecast at horizontal level/layer at a point in time", "parameterCategory":2, "parameterCategoryName":"Momentum", "parameterNumber":2, "parameterNumberName":"U-component_of_wind", "parameterUnit":"m.s-1", "genProcessType":2, "genProcessTypeName":"Forecast", "forecastTime":0, "surface1Type":103, "surface1TypeName":"Specified height level above ground", "surface1Value":10.0, "surface2Type":255, "surface2TypeName":"Missing", "surface2Value":0.0, "gridDefinitionTemplate":0, "gridDefinitionTemplateName":"Latitude_Longitude", "numberPoints":65160, "shape":6, "shapeName":"Earth spherical with radius of 6,371,229.0 m", "gridUnits":"degrees", "resolution":48, "winds":"true", "scanMode":0, "nx":360, "ny":181, "basicAngle":0, "lo1":0.0, "la1":90.0, "lo2":359.0, "la2":-90.0, "dx":1.0, "dy":1.0 }, "data":
[rows 52 to 77 of 181, columns 0 to 57 of 360]
6.454485,10.854485,9.024485,7.894485,3.5544848,0.33448488,0.22448486,0.35448486,2.8544848,4.374485,6.6744847,8.054485,7.384485,0.28448486,3.1444848,3.0744848,3.3944848,7.1544847,5.744485,2.0844848,-1.4855151,-7.0155153,-1.8255152,-1.0455152,1.3644849,-0.26551515,-2.995515,-3.265515,-0.035515137,0.5244849,-2.255515,-0.24551514,-0.5555151,0.064484864,-0.42551515,-0.45551515,-0.39551514,-0.40551513,-0.31551513,0.35448486,0.29448485,-0.89551514,-0.82551515,-2.4155152,2.0544848,2.5744848,-0.26551515,0.98448485,2.0644848,-0.025515137,-3.8455153,-4.195515,-4.415515,-4.885515,-2.1855152,-3.035515,-1.7355151,-1.8855151
13.774485,10.324485,7.164485,-0.21551514,-1.0755152,-0.45551515,-2.775515,-1.8855151,-1.7055151,-1.6455151,1.7444849,5.494485,7.994485,9.314485,10.564485,8.204485,10.864485,11.6844845,8.864485,6.344485,4.124485,-1.3155152,-5.5155153,1.1844848,-1.4555151,0.85448486,-2.2155151,-2.4655151,-3.4055152,-0.6655151,-0.7455151,-0.06551514,-1.6155151,-0.9255151,-0.96551514,-0.50551516,-0.045515135,0.12448487,-0.035515137,-0.62551516,0.32448485,0.13448486,0.29448485,-2.1555152,-0.77551514,0.59448487,0.16448486,0.90448487,-0.035515137,0.92448485,0.5044849,-3.9455152,-4.2855153,-4.215515,-1.9655151,0.034484863,0.094484866,-0.89551514
5.614485,2.214485,0.54448485,-1.0755152,-1.3455151,1.9944849,0.97448486,0.25448486,2.3544848,0.78448486,1.1044849,3.494485,5.994485,9.004485,10.974484,12.454485,13.904485,15.654485,12.954485,11.984485,8.584485,5.224485,-2.015515,-1.4155152,0.74448484,6.164485,2.204485,-1.4355152,-0.9155151,-1.5455152,-0.65551513,0.9644849,0.8844849,0.30448487,0.46448487,-1.0855151,-2.3655152,0.32448485,1.2044848,0.79448485,1.9544848,1.3444848,1.5044849,1.6644849,0.78448486,-2.1255152,-2.3655152,1.5144849,1.4144849,0.11448486,2.8344848,-1.0055151,0.85448486,1.4744849,1.4144849,-0.26551515,0.15448487,-2.1255152
1.7144848,1.3844849,3.464485,-0.52551514,0.32448485,-0.58551514,-1.1755152,-0.40551513,2.4044847,4.684485,3.5544848,1.2044848,3.484485,7.014485,9.964485,11.1444845,12.824485,14.064485,15.444485,14.014484,11.9344845,8.744485,3.0244849,-1.1855152,-3.1155152,2.3244848,3.3244848,1.8444848,-0.6055151,-1.0255151,-2.085515,-2.2055151,-3.8855152,0.48448485,-0.48551515,-0.9955151,-2.8455153,0.5844849,0.48448485,0.84448487,2.0844848,2.3444848,3.724485,2.484485,2.414485,-1.3155152,-2.055515,-0.84551513,-0.16551514,1.5944848,0.044484865,-0.47551513,-1.0455152,-0.77551514,-0.22551514,-1.0355152,-0.50551516,-2.785515
6.124485,2.164485,3.8744848,3.8444848,4.204485,3.684485,2.2744849,1.6544849,2.934485,2.0644848,5.284485,8.114485,3.444485,5.684485,7.684485,9.944485,11.764484,12.944485,12.844485,11.654485,12.304485,9.354485,3.244485,-0.42551515,-1.0155151,0.66448486,0.92448485,0.17448486,-0.82551515,-2.4455152,-3.6555152,-3.1655152,-0.49551514,-2.9355152,-2.315515,-1.7155151,1.3244848,1.7844849,0.7744849,0.78448486,2.1244848,3.224485,3.9044847,4.034485,3.254485,3.1344848,-2.035515,-0.29551515,-1.0355152,-1.5855151,-0.15551513,-1.3355151,-0.29551515,-0.5555151,0.15448487,-0.10551514,-0.93551517,-0.71551514
0.25448486,3.664485,3.464485,3.3044848,3.764485,3.7844849,2.1044848,1.7144848,2.1044848,2.684485,2.5444849,4.074485,5.164485,6.594485,8.254485,8.454485,10.024485,10.464485,10.534485,9.734485,10.344485,7.874485,3.4044847,3.004485,1.3744849,-0.84551513,-0.93551517,-1.1555152,-1.9255152,-3.3855152,-3.6755152,-4.005515,-4.165515,-3.4755151,-3.1755152,-2.555515,-1.3555151,-1.6655152,-1.7255151,-0.7855151,0.79448485,2.0844848,3.0344849,3.694485,3.944485,4.1944847,3.7844849,-1.5655152,-0.22551514,-0.95551515,-1.3455151,-0.33551514,-1.0455152,0.014484864,-0.7355151,-1.7555151,1.4144849,1.9444848
3.5744848,3.224485,2.3244848,2.3044848,3.6244848,3.8244848,2.204485,1.1244849,1.5444849,1.9944849,2.0444849,1.6544849,2.3244848,3.0244849,3.6344848,3.6144848,6.9644847,7.534485,8.474484,8.6844845,6.134485,0.73448485,1.3344848,2.1544847,2.3844848,-1.2755151,-2.555515,-2.1155152,-2.485515,-3.6255152,-4.0555153,-3.8455153,-3.8755152,-3.785515,-3.8955152,-2.9255152,-1.7855152,-2.745515,-1.2055151,-0.36551514,-1.1655152,0.31448486,2.014485,3.414485,4.014485,4.1544847,4.724485,5.1544847,4.104485,1.0144849,-2.805515,-0.62551516,-1.4255152,-1.5455152,1.2544849,1.8844849,0.65448487,1.3244848
1.3644849,1.4544848,0.8244849,2.2844849,3.194485,1.8744849,1.1444849,0.6344849,0.49448487,1.8244848,1.3144848,1.2344849,2.1244848,2.974485,2.1244848,1.7444849,3.3044848,3.5844848,6.884485,6.7744846,4.534485,0.25448486,0.08448486,0.93448484,0.86448485,-0.49551514,-2.335515,-2.495515,-1.3255152,-4.105515,-1.8755151,-1.6255151,-2.585515,-2.4755151,-0.0155151365,-2.525515,-0.9855151,0.094484866,-1.9855151,-1.0655152,0.46448487,1.8444848,1.8644849,2.3144848,3.744485,4.394485,4.374485,4.664485,4.4644847,3.244485,0.18448487,-0.5355151,-1.4855151,0.41448486,-0.025515137,-0.5555151,1.9844849,1.4944849
0.12448487,-1.1055151,-0.9255151,-0.025515137,1.1244849,-0.33551514,-1.0855151,-1.3455151,-0.6055151,-0.34551513,-0.22551514,0.024484864,-0.055515137,0.62448484,0.92448485,2.014485,0.10448486,2.3244848,2.3944848,2.974485,4.4044847,0.17448486,0.5144849,-0.055515137,-0.12551513,-0.94551516,-3.1655152,-1.5355152,-2.585515,-2.575515,-2.485515,-1.5055151,-1.3955151,-3.4355152,-0.71551514,-1.0255151,-0.7955151,-2.9755151,-1.5955151,-4.235515,-1.3155152,-1.7755151,-0.93551517,0.87448484,2.214485,3.3844848,3.954485,4.514485,5.074485,4.954485,3.014485,-0.16551514,0.31448486,-0.77551514,-0.035515137,1.0944848,-0.81551516,1.3544849
-1.5155151,-1.9655151,-1.8355151,-0.58551514,-0.94551516,-0.59551513,-2.035515,-1.8455151,-2.825515,-1.8955151,-1.9455152,-1.5655152,-1.1455151,-0.36551514,-0.24551514,-0.19551514,2.0944848,0.39448488,1.4344848,1.9844849,1.9444848,0.73448485,0.32448485,-0.055515137,-2.085515,-1.9755151,-1.7555151,-2.9655151,-3.2055151,-2.335515,-0.8655151,-0.90551513,-3.015515,2.414485,-1.6955152,-3.8655152,1.1044849,-5.0555153,-3.1455152,-4.8455153,-4.0955153,-3.5955153,-2.6255152,-0.025515137,2.8244848,3.0244849,2.184485,3.1544847,4.594485,5.4044847,6.164485,-0.69551516,-0.42551515,1.7344849,-0.81551516,1.8844849,-0.77551514,1.3044848
-3.7255151,-3.825515,-2.4055152,-1.8655151,-1.5255151,-3.3455153,-3.3555152,-3.565515,-2.565515,-2.3955152,-2.1155152,-2.2155151,-1.7555151,-3.1455152,-2.6355152,-1.4655151,-2.1955152,3.664485,2.944485,1.4644848,1.3044848,1.0944848,0.07448486,-1.4755151,-3.1155152,-2.6055152,-2.255515,-1.3855151,-2.025515,-0.37551513,-1.2555151,-1.1955152,-3.735515,2.914485,-0.38551512,-4.655515,-3.495515,-2.6155152,-2.805515,-4.865515,-4.065515,-3.495515,-2.1755152,-0.95551515,0.054484863,1.2044848,2.184485,4.314485,5.884485,7.044485,6.6944847,3.4044847,0.53448486,1.8944849,0.68448484,0.56448483,-0.7855151,-1.2355151
-4.465515,-4.875515,-3.9655151,-4.115515,-5.5955153,-4.935515,-1.6055151,-1.5055151,-2.1555152,-3.495515,-2.485515,-3.6355152,-1.7755151,-0.5355151,1.6544849,0.5244849,1.3044848,1.4944849,2.8344848,1.2444849,0.8244849,0.11448486,-1.2555151,-1.0655152,-2.065515,-3.015515,-2.8855152,-1.2655151,0.18448487,-0.055515137,1.1844848,0.9544849,-2.995515,-0.93551517,4.474485,-6.5355153,-4.855515,-4.335515,-0.88551515,-3.335515,-3.255515,-2.985515,-1.7255151,-1.6555152,-1.8355151,-3.3455153,-1.3755151,1.7344849,2.674485,5.0044847,4.574485,3.0944848,6.574485,2.684485,0.87448484,0.41448486,-6.635515,-7.465515
-4.685515,-3.6855152,-4.585515,-3.6955152,1.7044848,-0.52551514,-2.1655152,-1.5755152,-1.0855151,-1.3455151,-1.3055152,-2.245515,-2.815515,-0.81551516,-2.285515,-0.47551513,-1.3655151,-0.42551515,0.60448486,-1.0155151,-1.4655151,-1.8855151,-2.1555152,-2.495515,-1.1655152,-2.745515,-2.255515,-1.2555151,-1.3655151,-0.51551515,0.38448486,0.22448486,2.434485,1.4644848,0.064484864,2.1044848,-0.36551514,-1.8355151,1.1544849,-2.4655151,-4.815515,-2.6855152,-2.6455152,-3.6355152,-3.775515,-4.505515,-1.7455151,-0.64551514,0.62448484,1.2444849,3.9044847,1.8944849,4.634485,5.7344847,3.8444848,-3.0955153,-0.06551514,-0.84551513
-4.8055153,-4.635515,-0.28551513,-1.2055151,-6.045515,-3.3655152,-4.045515,-3.1455152,-4.415515,-2.785515,1.0644848,-1.3155152,-1.7555151,-1.1655152,-2.1155152,-2.525515,-1.7355151,-2.245515,-3.035515,-3.235515,-2.805515,-2.1255152,-2.9255152,-3.1955152,-2.1255152,-2.8455153,-2.835515,-0.15551513,0.07448486,-0.13551514,2.014485,-0.87551516,1.1844848,0.74448484,-1.8855151,3.264485,0.25448486,-0.7855151,-0.59551513,-2.7155151,-5.865515,-6.3055153,-3.565515,-5.465515,-5.695515,-7.705515,-5.2455153,-2.4455152,-1.1855152,-0.035515137,1.4444848,1.3144848,3.934485,5.324485,4.844485,3.164485,0.30448487,1.7044848
-4.145515,-3.1755152,-2.035515,-2.745515,-5.945515,-1.7155151,-1.9455152,-2.9655151,-3.1655152,-1.1255151,-2.025515,-0.94551516,-2.265515,-2.7055151,-2.6955152,-3.015515,-3.505515,-3.515515,-3.995515,-3.3555152,-2.6855152,-2.245515,-2.285515,-2.075515,-3.4055152,-4.385515,-1.8055152,-0.21551514,-0.5455151,-1.3255152,0.5244849,-0.055515137,-0.055515137,0.22448486,-2.025515,-1.4155152,1.1344849,2.1244848,-2.2055151,-2.3655152,-4.875515,-5.385515,-3.6455152,-6.425515,-5.235515,-5.255515,-2.265515,-1.3255152,-1.6055151,-2.6055152,-1.2055151,0.53448486,2.3644848,2.474485,3.444485,1.9544848,-0.31551513,0.19448486
-3.255515,-2.265515,-1.5455152,-3.785515,-2.075515,-2.9155152,-1.0755152,-1.9255152,-4.065515,-3.8555152,-3.4355152,-2.6755152,-2.795515,-2.6055152,-2.9055152,-4.775515,-3.1455152,-2.7155151,-1.8755151,-3.325515,-1.9055152,-2.995515,-2.0955153,-3.1355152,-3.015515,-3.735515,-2.4055152,-0.84551513,-0.8055151,-1.4955151,-0.085515134,0.79448485,-0.17551513,-0.035515137,-0.71551514,-1.7055151,1.0944848,2.4044847,2.474485,0.25448486,-2.035515,-3.7255151,-1.0055151,-0.16551514,-2.305515,-3.3555152,-2.585515,-3.4455152,-2.3755152,-2.9555151,-2.315515,-0.76551515,1.0644848,1.3144848,1.9944849,2.0644848,2.6344848,0.54448485
-3.045515,-3.025515,-2.555515,-2.9755151,-4.3455153,-5.185515,-3.2255151,-3.9455152,-4.135515,-4.395515,-4.3455153,-3.9355152,-4.9955153,-0.42551515,-2.495515,-4.5955153,-5.295515,-2.065515,1.4444848,-1.7555151,-1.6355151,-3.035515,-3.1355152,-2.4755151,-0.52551514,-2.3655152,-1.2155151,-1.8355151,-1.2555151,-1.3555151,-0.7955151,0.84448487,-0.19551514,0.53448486,-1.9155152,-2.6655152,-0.28551513,3.764485,1.4644848,-0.31551513,-1.3055152,0.48448485,-0.9955151,-0.6655151,-2.795515,-2.7155151,-5.295515,-3.8855152,-3.9755151,-3.6455152,-2.9155152,-1.9155152,-1.1355151,-0.46551514,0.91448486,1.3144848,2.444485,3.164485
-3.7255151,-3.575515,-3.7155151,-3.3855152,-4.795515,-5.175515,-4.605515,-4.715515,-5.005515,-5.2855153,-4.3455153,-4.0555153,-3.9655151,-4.455515,-1.7255151,-3.8955152,-1.6455151,-0.71551514,0.55448484,0.19448486,-2.275515,-3.1955152,-3.9655151,-2.995515,-2.3955152,-3.1055152,-2.815515,-1.3155152,-1.5655152,-1.0755152,0.094484866,-0.22551514,0.12448487,0.85448486,-1.7655151,-2.7055151,-0.95551515,2.714485,0.49448487,0.5744849,-0.48551515,-1.0155151,1.2044848,-0.8655151,-2.265515,-1.8755151,-4.705515,-4.355515,-3.9255152,-3.795515,-3.6755152,-2.835515,-2.1855152,-1.2655151,-0.40551513,0.19448486,2.1144848,1.2444849
-4.8055153,-4.665515,-4.5555153,-3.565515,-5.205515,-5.865515,-5.485515,-6.485515,-2.6555152,-2.9655151,-2.295515,-1.7755151,-4.0155153,-2.735515,-0.6655151,1.4244848,1.6344849,0.10448486,-0.43551514,0.62448484,-2.305515,-3.235515,-4.0755153,-4.045515,-3.3955152,-2.815515,-2.3655152,-2.1955152,-0.25551513,-0.28551513,-0.7355151,-0.48551515,0.36448488,-0.6055151,-1.1955152,-4.775515,-1.4155152,1.4944849,-0.21551514,0.86448485,3.994485,-0.055515137,1.4744849,2.6544847,-3.735515,-1.4555151,-4.5555153,-4.3055153,-4.045515,-3.795515,-3.6355152,-3.545515,-2.8755152,-1.7155151,-1.5755152,-0.40551513,-1.0755152,0.29448485
-4.125515,-5.455515,-4.895515,-3.815515,-4.295515,-5.115515,-4.945515,-4.7455153,-2.4755151,-1.4855151,-1.2755151,-2.3855152,-2.805515,-2.735515,-0.9255151,0.73448485,-2.3455153,-4.655515,-7.895515,-4.365515,-3.6355152,-3.755515,-3.035515,-2.1355152,-3.6555152,-3.4255152,-3.1355152,-1.9155152,-0.20551513,0.064484864,-0.15551513,-0.055515137,0.19448486,-0.13551514,0.30448487,-2.3655152,-3.6055152,-2.2255151,-0.20551513,0.8944849,2.6244848,2.484485,0.044484865,0.10448486,-1.0855151,-0.71551514,-3.805515,-3.9755151,-4.175515,-3.555515,-3.9355152,-4.0555153,-2.985515,-2.6255152,-1.7455151,-1.6655152,-0.62551516,0.91448486
-5.115515,-3.9155152,-3.575515,-3.6555152,-3.795515,-4.0755153,-3.6155152,-2.065515,-4.2455153,0.54448485,-1.4155152,-2.9355152,-3.2255151,-2.325515,-2.325515,-2.8955152,-3.805515,-4.375515,-4.5555153,-5.255515,-4.775515,-4.7855153,-4.775515,-4.005515,-3.8655152,-3.525515,-3.2255151,-2.485515,-0.9155151,-0.46551514,0.40448487,0.11448486,-0.43551514,-0.23551513,1.7344849,-0.50551516,-5.945515,-2.6855152,-1.3755151,1.0344849,1.8244848,1.9944849,1.8344848,-0.12551513,-1.2655151,-2.4355152,-3.515515,-3.775515,-4.195515,-3.8755152,-4.235515,-3.545515,-3.4255152,-2.065515,-1.7755151,-1.6155151,-0.93551517,-1.4155152
-4.675515,-4.625515,-3.575515,-3.005515,-4.5155153,-3.9455152,-3.9355152,-4.405515,-6.885515,-3.3755152,-2.8755152,-3.9355152,-4.485515,-4.405515,-3.335515,-2.585515,-4.2655153,-3.775515,-4.585515,-4.4955153,-3.9755151,-4.7455153,-4.545515,-4.175515,-2.515515,-3.4355152,-3.4255152,-2.775515,-0.71551514,-1.0355152,0.014484864,0.5744849,-0.13551514,1.2744849,1.1744848,0.5144849,-2.4355152,-3.6555152,-1.5255151,2.494485,1.2944849,1.7744849,3.174485,1.2744849,-0.48551515,-1.4555151,-2.735515,-3.6855152,-2.3955152,-4.865515,-4.865515,-3.4355152,-4.045515,-0.89551514,1.4344848,-0.63551515,-2.9455152,-2.555515
-4.775515,-3.765515,-3.6255152,-3.785515,-4.775515,-3.6655152,-5.115515,-5.485515,-4.605515,-5.065515,-4.205515,-3.995515,-4.585515,-4.545515,-4.655515,-4.065515,-3.985515,-3.8955152,-4.235515,-5.0555153,-5.165515,-5.365515,-4.665515,-5.405515,-3.4755151,-3.6755152,-3.285515,-1.7155151,0.21448487,-0.46551514,-0.83551514,0.41448486,0.23448487,-0.28551513,1.2044848,0.34448487,-1.0855151,-2.815515,-2.2055151,0.49448487,-0.09551514,0.13448486,1.9844849,0.8344849,-0.29551515,-2.7155151,-1.1255151,-1.6055151,-1.0755152,-1.5655152,-2.305515,-0.93551517,2.214485,0.5244849,-2.6955152,-3.295515,-3.4755151,-4.295515
-4.295515,-4.2855153,-4.3455153,-4.585515,-5.185515,-5.2455153,-4.425515,-4.585515,-4.965515,-5.105515,-4.8055153,-4.655515,-4.945515,-4.955515,-4.5355153,-3.6055152,-3.2055151,-3.4455152,-3.1255152,-3.3455153,-5.335515,-5.0155153,-6.8255153,-4.7855153,-3.9755151,-2.2255151,-0.06551514,-1.4255152,-0.9155151,-0.7255151,0.0044848635,0.10448486,1.0344849,0.33448488,-0.20551513,-0.34551513,1.0744848,-1.9655151,-0.7455151,-0.8555151,-0.16551514,-1.2355151,0.9544849,1.2844849,0.5044849,-0.36551514,0.5044849,-3.275515,-2.3455153,-0.68551517,-0.6755151,-1.7255151,-3.745515,-3.4155152,-3.825515,-3.8455153,-4.5755153,-4.525515
-4.0755153,-3.585515,-4.905515,-5.065515,-4.435515,-5.185515,-3.8655152,-4.615515,-4.775515,-4.395515,-2.775515,-4.5755153,-4.775515,-4.985515,-7.135515,-3.8555152,-2.9555151,-3.515515,-2.6155152,-3.4355152,-3.6155152,-7.445515,-6.645515,-3.055515,-4.335515,-0.96551514,-2.4255152,-2.2255151,-1.7155151,-1.4055152,-0.48551515,0.5144849,0.87448484,0.15448487,0.13448486,-0.6755151,0.60448486,-1.9455152,-0.5455151,-0.42551515,-0.8055151,-3.265515,-4.755515,1.3144848,0.55448484,-0.31551513,-0.35551512,-0.32551515,0.7044849,-3.6155152,-3.6655152,-4.735515,-4.065515,-4.605515,-4.375515,-4.4955153,-4.505515,-4.2255154
-3.6755152,-4.025515,-4.045515,-4.145515,-4.465515,-4.2655153,-4.545515,-4.7655153,-4.0155153,-3.515515,-3.495515,-3.565515,-2.9655151,-2.4355152,-6.7655153,-6.715515,-2.785515,-2.9355152,-1.9055152,-2.055515,-2.8755152,-3.7155151,-5.315515,-1.2655151,-0.5555151,0.85448486,-2.045515,-1.6155151,-2.265515,-2.815515,-0.33551514,0.49448487,0.78448486,0.39448488,0.14448486,0.13448486,-1.4155152,0.064484864,-0.20551513,-1.7855152,-1.4855151,3.0744848,-3.4055152,-6.3055153,-1.7155151,-2.8555152,-5.735515,-5.3255153,-4.645515,-5.045515,-4.545515,-3.555515,-4.9955153,-6.295515,-4.705515,-4.455515,-4.275515,-4.2255154
