data.json
{"header": { "discipline":0, "disciplineName":"Meteorological products", "gribEdition":2, "gribLength":78544, "center":7, "centerName":"US National Weather Service - NCEP(WMC)", "subcenter":0, "refTime":"2025-01-30T00:00:00.000Z", "significanceOfRT":1, "significanceOfRTName":"Start of forecast", "productStatus":0, "productStatusName":"Operational products", "productType":1, "productTypeName":"Forecast products", "productDefinitionTemplate":0, "productDefinitionTemplateName":"Analysis/forecast at horizontal level/layer at a point in time", "parameterCategory":2, "parameterCategoryName":"Momentum", "parameterNumber":3, "parameterNumberName":"V-component_of_wind", "parameterUnit":"m.s-1", "genProcessType":2, "genProcessTypeName":"Forecast", "forecastTime":0, "surface1Type":103, "surface1TypeName":"Specified height level above ground", "surface1Value":10.0, "surface2Type":255, "surface2TypeName":"Missing", "surface2Value":0.0, "gridDefinitionTemplate":0, "gridDefinitionTemplateName":"Latitude_Longitude", "numberPoints":65160, "shape":6, "shapeName":"Earth spherical with radius of 6,371,229.0 m", "gridUnits":"degrees", "resolution":48, "winds":"true", "scanMode":0, "nx":360, "ny":181, "basicAngle":0, "lo1":0.0, "la1":90.0, "lo2":359.0, "la2":-90.0, "dx":1.0, "dy":1.0 }, "data":
[rows 0 to 25 of 181, columns 0 to 58 of 360]
2.973252,3.063252,3.153252,3.233252,3.323252,3.403252,3.493252,3.573252,3.653252,3.733252,3.813252,3.883252,3.963252,4.043252,4.113252,4.183252,4.253252,4.3232517,4.393252,4.463252,4.533252,4.593252,4.653252,4.723252,4.783252,4.843252,4.893252,4.953252,5.003252,5.063252,5.113252,5.163252,5.213252,5.253252,5.3032517,5.343252,5.383252,5.423252,5.463252,5.503252,5.533252,5.5732517,5.603252,5.633252,5.663252,5.683252,5.713252,5.733252,5.753252,5.773252,5.793252,5.813252,5.8232517,5.833252,5.853252,5.853252,5.863252,5.873252,5.873252
1.8832519,1.953252,2.023252,2.073252,2.143252,2.1932518,2.253252,2.313252,2.363252,2.4232519,2.483252,2.543252,2.603252,2.6732519,2.733252,2.803252,2.853252,2.9332519,2.993252,3.073252,3.133252,3.2032518,3.263252,3.323252,3.383252,3.4432518,3.503252,3.563252,3.623252,3.6832519,3.743252,3.803252,3.853252,3.9132519,3.963252,4.013252,4.063252,4.113252,4.173252,4.233252,4.283252,4.333252,4.383252,4.433252,4.483252,4.523252,4.5732517,4.613252,4.653252,4.683252,4.723252,4.743252,4.763252,4.773252,4.783252,4.763252,4.753252,4.733252,4.713252
1.793252,1.8932519,1.9932519,2.083252,2.1732519,2.243252,2.313252,2.393252,2.473252,2.553252,2.633252,2.723252,2.803252,2.873252,2.9432518,3.003252,3.073252,3.1632519,3.253252,3.333252,3.4132519,3.503252,3.593252,3.6832519,3.773252,3.853252,3.9332519,4.003252,4.0532517,4.113252,4.153252,4.193252,4.243252,4.293252,4.353252,4.423252,4.483252,4.533252,4.563252,4.613252,4.633252,4.673252,4.713252,4.753252,4.793252,4.843252,4.893252,4.923252,4.963252,4.983252,4.993252,4.993252,4.973252,4.933252,4.893252,4.863252,4.853252,4.873252,4.893252
1.823252,1.803252,1.783252,1.7632519,1.7532519,1.7632519,1.773252,1.783252,1.793252,1.793252,1.823252,1.843252,1.903252,2.003252,2.113252,2.253252,2.403252,2.553252,2.7032518,2.833252,2.9432518,3.013252,3.083252,3.153252,3.213252,3.293252,3.363252,3.4232519,3.463252,3.493252,3.493252,3.503252,3.503252,3.503252,3.503252,3.483252,3.483252,3.493252,3.513252,3.553252,3.613252,3.6832519,3.743252,3.783252,3.803252,3.823252,3.883252,3.973252,4.0532517,4.113252,4.153252,4.183252,4.223252,4.263252,4.213252,4.143252,4.103252,4.113252,4.123252
1.2232519,1.293252,1.3732519,1.463252,1.543252,1.583252,1.6132519,1.653252,1.683252,1.673252,1.6432519,1.563252,1.4732519,1.423252,1.413252,1.4832519,1.593252,1.693252,1.7432519,1.7532519,1.7632519,1.803252,1.843252,1.923252,1.9832519,2.043252,2.113252,2.1932518,2.253252,2.283252,2.333252,2.383252,2.463252,2.523252,2.593252,2.6632519,2.743252,2.783252,2.783252,2.793252,2.833252,2.9132519,3.043252,3.1632519,3.283252,3.353252,3.403252,3.4432518,3.4432518,3.4332519,3.4332519,3.503252,3.563252,3.603252,3.633252,3.653252,3.6732519,3.6932518,3.6932518
0.63325197,0.54325193,0.42325196,0.32325196,0.31325194,0.44325197,0.54325193,0.59325194,0.58325195,0.563252,0.563252,0.59325194,0.65325195,0.77325195,0.88325197,0.94325197,0.96325195,0.97325194,1.043252,1.1132519,1.203252,1.333252,1.4732519,1.553252,1.6432519,1.7532519,1.773252,1.7432519,1.783252,1.8632519,1.923252,1.953252,1.943252,1.9832519,2.033252,2.093252,2.153252,2.2032518,2.273252,2.363252,2.483252,2.573252,2.653252,2.733252,2.853252,2.9532518,3.013252,3.063252,3.123252,3.243252,3.313252,3.333252,3.273252,3.1732519,3.223252,3.363252,3.553252,3.6932518,3.6732519
-0.6367481,-0.73674804,-0.80674803,-0.78674805,-0.73674804,-0.64674807,-0.60674804,-0.58674806,-0.5767481,-0.54674804,-0.49674806,-0.41674805,-0.34674805,-0.28674805,-0.20674805,-0.13674805,-0.026748046,0.08325195,0.21325195,0.32325196,0.43325195,0.53325194,0.69325197,0.79325193,0.873252,0.97325194,1.1232519,1.293252,1.403252,1.5032519,1.593252,1.703252,1.8532519,2.003252,2.143252,2.293252,2.4132519,2.473252,2.503252,2.503252,2.583252,2.713252,2.863252,2.993252,3.113252,3.233252,3.343252,3.4232519,3.473252,3.563252,3.593252,3.583252,3.543252,3.483252,3.393252,3.373252,3.323252,3.283252,3.333252
-1.9967481,-1.946748,-1.936748,-1.976748,-1.9967481,-1.966748,-1.8667481,-1.7467481,-1.6367481,-1.536748,-1.426748,-1.296748,-1.1067481,-0.86674803,-0.5767481,-0.31674805,-0.106748044,0.033251952,0.113251954,0.16325195,0.18325195,0.24325195,0.39325196,0.50325197,0.7332519,0.9232519,1.1232519,1.313252,1.5032519,1.543252,1.5132519,1.543252,1.653252,1.8832519,2.063252,2.213252,2.363252,2.533252,2.643252,2.6832519,2.733252,2.733252,2.763252,2.783252,2.833252,2.843252,2.783252,2.723252,2.7032518,2.723252,2.773252,2.833252,2.903252,2.903252,3.043252,3.1932518,3.343252,3.393252,3.343252
-4.166748,-4.246748,-4.226748,-4.126748,-3.996748,-3.886748,-3.8067482,-3.776748,-3.5467482,-3.246748,-2.926748,-2.396748,-1.906748,-1.4867481,-1.046748,-0.54674804,-0.066748045,0.41325197,0.84325194,1.273252,1.7232519,2.093252,2.283252,2.353252,2.273252,2.283252,2.1632519,1.793252,1.703252,1.8632519,1.9832519,2.103252,2.123252,2.123252,1.943252,1.783252,1.7432519,1.7232519,1.6332519,1.523252,1.533252,1.6332519,1.7332519,1.7332519,1.7632519,1.803252,1.833252,1.963252,2.013252,1.963252,1.7532519,1.413252,1.2632519,1.2332519,1.333252,1.6032519,1.9832519,2.1632519,2.643252
-4.796748,-4.586748,-4.526748,-4.286748,-4.016748,-3.756748,-3.616748,-3.416748,-2.926748,-2.186748,-1.5067481,-0.5767481,0.42325196,1.1132519,1.653252,1.913252,2.123252,2.573252,3.373252,4.003252,4.173252,3.9532518,3.9332519,3.983252,3.033252,1.793252,1.313252,1.1432519,1.1232519,1.213252,1.413252,1.773252,2.2032518,2.503252,2.783252,3.013252,3.1832519,3.403252,3.4232519,3.4432518,3.6632519,3.2032518,2.313252,1.693252,1.463252,1.6032519,1.813252,2.073252,2.1732519,2.393252,3.483252,4.513252,3.573252,1.773252,0.023251953,1.553252,1.673252,2.883252,2.623252
-4.726748,-3.3167481,-3.246748,-3.686748,-4.356748,-4.496748,-4.336748,-3.026748,-1.156748,-0.46674806,-0.48674804,0.19325195,1.543252,2.053252,0.95325196,0.31325194,1.043252,5.523252,3.9532518,1.953252,2.153252,1.4932519,0.37325194,3.023252,3.903252,4.393252,2.293252,1.6032519,2.033252,2.1732519,2.143252,1.9732519,1.8932519,1.9832519,2.1832519,2.293252,2.283252,2.283252,2.493252,2.6732519,2.843252,3.003252,3.053252,3.073252,2.9332519,2.583252,2.2032518,1.2632519,-0.45674804,-0.86674803,-0.15674804,0.50325197,1.203252,0.63325197,1.2432519,1.3532519,-0.17674805,-2.196748,-2.206748
-4.536748,-3.436748,-2.486748,-2.476748,-2.786748,-2.436748,0.26325196,2.483252,3.733252,4.0732517,2.643252,2.593252,0.60325193,-1.3967481,-1.726748,-2.786748,-1.346748,-0.59674805,-1.306748,-1.8867481,-1.426748,-2.206748,-2.3067482,-0.92674804,1.783252,2.6832519,2.9332519,3.233252,3.483252,3.7032518,3.9232519,4.273252,4.453252,4.483252,4.783252,5.023252,5.003252,4.873252,4.683252,4.263252,3.543252,2.613252,1.7432519,1.3532519,1.553252,1.833252,1.783252,1.433252,1.1432519,0.88325197,0.71325195,0.50325197,0.28325194,0.043251954,-0.20674805,-0.38674805,-0.54674804,-0.65674806,-0.70674807
-7.756748,-6.666748,-5.246748,-4.276748,-2.636748,-1.286748,0.76325196,1.463252,2.493252,3.233252,3.493252,2.573252,-0.33674803,-4.396748,-4.526748,0.29325196,-0.84674805,-1.036748,-2.666748,-6.6967483,-7.266748,-1.7767481,-1.906748,-2.436748,2.103252,3.473252,3.993252,4.193252,4.243252,4.133252,4.0732517,4.373252,4.763252,5.023252,5.253252,5.543252,5.853252,6.153252,6.353252,6.513252,6.523252,7.243252,7.003252,6.853252,7.143252,7.373252,7.3232517,7.463252,6.8032517,5.983252,5.363252,4.5732517,4.603252,4.233252,3.343252,3.1932518,2.7032518,1.273252,0.38325197
-9.866748,-10.286748,-7.786748,-6.116748,-6.4467483,-4.4467483,-3.716748,-0.14674805,1.533252,2.4332519,4.213252,4.8032517,3.813252,2.6832519,1.5032519,-2.256748,-1.586748,-3.3167481,-7.846748,-7.066748,-1.226748,1.913252,2.123252,3.353252,4.383252,4.223252,4.683252,5.293252,5.653252,4.5732517,5.313252,5.703252,7.0732517,6.833252,7.633252,7.653252,7.543252,7.783252,7.833252,7.693252,7.603252,7.953252,8.133252,8.0632515,8.453252,8.393252,8.5632515,8.593252,7.873252,6.903252,6.203252,4.913252,5.043252,6.193252,5.283252,3.713252,2.553252,1.7332519,0.69325197
-11.866748,-10.026748,-9.366748,-8.916748,-8.396748,-8.046748,-6.106748,-2.416748,1.183252,5.3232517,5.513252,5.273252,5.753252,5.843252,5.093252,3.073252,0.53325194,-1.066748,1.273252,1.943252,3.383252,4.283252,4.273252,4.0532517,3.743252,3.373252,3.1632519,3.153252,3.233252,3.083252,2.403252,3.603252,7.213252,8.553252,8.513252,8.843252,9.713252,9.323252,8.823252,8.183252,7.383252,7.613252,8.103252,8.423252,8.473252,8.223252,8.793252,9.243252,10.223252,9.943252,9.233252,8.5632515,7.523252,6.653252,5.8032517,4.093252,3.303252,2.963252,2.063252
-9.716748,-7.126748,-5.286748,-3.706748,-3.536748,-3.366748,0.053251952,2.873252,3.293252,4.643252,4.763252,5.123252,5.923252,6.263252,7.5532517,8.433252,7.923252,6.773252,5.513252,4.983252,4.313252,3.563252,3.6932518,3.6732519,3.6932518,4.223252,4.433252,4.103252,3.883252,3.9432518,4.353252,5.043252,5.953252,6.5532517,6.833252,7.503252,6.953252,6.963252,8.143252,8.053252,7.273252,6.253252,5.113252,6.313252,8.263252,8.983252,9.183252,9.323252,9.533252,11.263252,10.583252,9.543252,8.963252,7.963252,7.513252,4.043252,2.073252,1.2332519,0.77325195
-5.156748,-4.156748,-3.226748,-2.626748,-1.936748,-1.5067481,-0.86674803,2.843252,5.603252,6.243252,5.693252,5.313252,5.643252,5.983252,6.043252,6.023252,6.203252,6.613252,6.533252,6.443252,6.133252,5.943252,5.593252,5.3032517,5.393252,5.333252,5.103252,4.713252,4.533252,4.543252,4.293252,4.003252,3.813252,4.043252,4.213252,4.153252,2.9332519,3.483252,4.3232517,4.183252,5.263252,4.993252,4.963252,4.3032517,4.193252,5.923252,8.733252,9.413252,10.743252,11.573252,11.623252,10.783252,10.163252,7.343252,4.243252,2.6732519,1.063252,-0.036748048,-1.176748
-5.316748,-4.416748,-3.0667481,-0.22674805,2.873252,3.373252,3.343252,2.373252,2.333252,3.123252,3.633252,5.173252,6.873252,7.213252,6.613252,6.403252,7.163252,9.233252,8.243252,7.0532517,6.373252,5.873252,5.663252,5.413252,6.013252,5.683252,5.283252,4.973252,4.423252,3.973252,3.803252,3.753252,3.7032518,2.9132519,2.6932518,2.003252,1.913252,2.243252,2.063252,2.973252,3.1832519,2.323252,2.9132519,2.973252,2.323252,2.653252,4.813252,9.373252,10.883252,12.113252,11.883252,11.113252,6.723252,3.4432518,1.6232519,0.9232519,-0.78674805,-0.96674806,2.543252
1.593252,1.803252,1.593252,2.263252,2.393252,1.423252,0.47325194,2.553252,3.353252,3.6932518,4.913252,5.183252,4.883252,6.673252,7.733252,8.143252,7.953252,7.5532517,6.923252,6.583252,5.963252,5.493252,6.193252,6.813252,6.5732517,6.483252,6.5532517,6.883252,6.763252,5.563252,5.023252,5.213252,4.533252,4.163252,3.553252,2.4232519,1.693252,0.743252,0.45325196,0.44325197,0.37325194,0.76325196,0.993252,1.293252,0.83325195,2.533252,2.003252,4.363252,9.613252,10.383252,10.773252,9.823252,5.8232517,1.193252,-0.16674805,-0.91674805,-0.34674805,2.983252,3.373252
1.403252,1.653252,2.393252,2.083252,2.843252,1.963252,0.69325197,1.713252,2.603252,3.833252,3.713252,4.483252,7.133252,7.3232517,6.5532517,6.333252,5.5732517,4.913252,4.203252,3.573252,4.163252,3.6732519,1.8832519,6.193252,6.293252,6.133252,11.033252,8.753252,5.743252,8.683252,6.8232517,5.703252,6.003252,4.683252,3.363252,2.4132519,1.333252,0.46325195,-0.046748046,-0.026748046,-0.36674803,-1.1067481,1.2432519,-0.16674805,0.69325197,-0.52674806,0.993252,1.203252,7.003252,8.343252,9.293252,8.8132515,8.543252,6.603252,4.003252,3.523252,3.353252,3.463252,4.183252
-0.23674804,1.6032519,2.493252,1.713252,0.50325197,0.40325195,0.83325195,0.58325195,1.423252,1.3632519,5.433252,5.713252,4.963252,4.3232517,3.393252,3.023252,1.673252,1.093252,2.763252,2.743252,4.933252,3.643252,1.6432519,3.313252,5.313252,7.993252,3.713252,2.383252,3.743252,2.253252,2.853252,3.523252,4.653252,2.853252,3.4232519,3.813252,2.7032518,1.533252,0.66325194,-0.036748048,-0.566748,-0.74674803,-0.09674805,-0.8867481,-0.37674806,-0.506748,-0.876748,0.873252,6.653252,7.743252,7.263252,7.753252,7.453252,7.473252,7.453252,5.903252,5.773252,5.413252,5.173252
0.26325196,0.58325195,-0.40674806,-1.4867481,-0.8267481,-0.79674804,-1.556748,-2.116748,0.89325196,2.893252,2.9132519,4.503252,2.113252,2.503252,2.563252,1.9732519,1.693252,2.503252,1.4732519,3.803252,2.593252,0.54325193,0.52325195,0.88325197,2.113252,2.233252,0.19325195,0.49325195,1.203252,0.803252,0.89325196,1.673252,2.343252,2.223252,3.363252,2.763252,3.783252,1.7232519,0.40325195,0.70325196,0.14325196,-0.54674804,0.39325196,0.75325197,-1.206748,-0.90674806,-0.16674805,2.4232519,4.983252,3.983252,4.853252,5.373252,6.0732517,6.0732517,5.613252,5.5532517,4.753252,5.023252,4.273252
-2.856748,-2.916748,-3.866748,-3.486748,-3.396748,-4.766748,-6.026748,-1.9867481,-0.52674806,2.4232519,3.743252,3.4132519,2.893252,3.303252,2.9132519,0.84325194,3.473252,2.243252,0.6132519,-0.46674806,-1.2367481,-1.656748,-1.4867481,-1.456748,-0.74674803,-1.5067481,-0.28674805,-0.24674805,-0.14674805,-0.686748,0.28325194,0.85325193,1.823252,1.9932519,1.083252,1.923252,2.323252,2.283252,1.673252,1.953252,1.7532519,-1.2767481,-1.3967481,-0.21674804,0.46325195,0.64325196,1.3932519,3.343252,4.673252,4.903252,4.123252,3.793252,3.553252,3.823252,5.0532517,4.853252,5.083252,4.523252,3.653252
-5.616748,-5.706748,-6.396748,-6.276748,-6.736748,-7.836748,-6.116748,-0.17674805,2.773252,5.043252,6.283252,6.533252,1.4832519,-2.106748,3.373252,3.843252,1.293252,-0.686748,-2.2967482,-3.0667481,-2.5867481,-2.166748,-2.726748,-2.906748,-2.176748,-1.786748,-0.80674803,-1.156748,-0.31674805,-0.42674804,0.31325194,-0.66674805,-0.85674804,-0.74674803,-0.65674806,-0.626748,-0.74674803,0.003251953,0.43325195,0.21325195,0.20325196,-0.61674803,-0.17674805,0.39325196,0.003251953,0.90325195,2.123252,3.643252,4.593252,3.533252,4.0532517,3.983252,3.813252,5.3032517,3.733252,4.003252,4.693252,4.093252,3.993252
-8.266748,-8.596748,-8.776748,-8.886748,-9.616748,-7.566748,-2.186748,0.32325196,3.073252,5.223252,5.753252,3.293252,2.6632519,2.143252,1.6332519,-0.626748,-2.436748,-4.066748,-2.906748,-3.526748,-3.736748,-4.006748,-4.336748,-4.296748,-3.396748,-1.816748,-0.506748,0.54325193,0.28325194,0.45325196,-0.55674803,-1.096748,-0.67674804,-0.60674804,-0.15674804,1.713252,1.803252,1.9832519,1.0032519,0.78325194,0.84325194,1.033252,0.553252,0.83325195,1.213252,1.093252,1.593252,1.6432519,1.933252,2.143252,1.6432519,1.533252,1.9832519,2.403252,1.963252,2.2032518,2.763252,3.393252,1.7632519
-11.376748,-11.366748,-9.946748,-9.516748,-8.236748,-2.726748,-1.046748,2.343252,2.823252,3.023252,4.703252,2.533252,1.163252,-0.46674806,-2.376748,-3.716748,-5.046748,-4.296748,-5.616748,-5.236748,-5.1967483,-6.096748,-9.966748,-5.436748,-2.106748,-0.566748,-0.08674805,-0.08674805,-0.18674804,-0.64674807,-0.7667481,-0.13674805,0.113251954,0.27325195,0.66325194,0.9832519,0.34325194,1.0032519,1.953252,2.763252,2.473252,1.703252,1.463252,1.303252,1.573252,1.443252,1.413252,1.163252,1.523252,1.7332519,1.5032519,1.913252,1.933252,2.4232519,2.393252,2.1932518,1.8932519,1.6432519,1.7232519
