data.json
{"header": { "discipline":0, "disciplineName":"Meteorological products", "gribEdition":2, "gribLength":78544, "center":7, "centerName":"US National Weather Service - NCEP(WMC)", "subcenter":0, "refTime":"2025-01-30T00:00:00.000Z", "significanceOfRT":1, "significanceOfRTName":"Start of forecast", "productStatus":0, "productStatusName":"Operational products", "productType":1, "productTypeName":"Forecast products", "productDefinitionTemplate":0, "productDefinitionTemplateName":"Analysis/forecast at horizontal level/layer at a point in time", "parameterCategory":2, "parameterCategoryName":"Momentum", "parameterNumber":3, "parameterNumberName":"V-component_of_wind", "parameterUnit":"m.s-1", "genProcessType":2, "genProcessTypeName":"Forecast", "forecastTime":0, "surface1Type":103, "surface1TypeName":"Specified height level above ground", "surface1Value":10.0, "surface2Type":255, "surface2TypeName":"Missing", "surface2Value":0.0, "gridDefinitionTemplate":0, "gridDefinitionTemplateName":"Latitude_Longitude", "numberPoints":65160, "shape":6, "shapeName":"Earth spherical with radius of 6,371,229.0 m", "gridUnits":"degrees", "resolution":48, "winds":"true", "scanMode":0, "nx":360, "ny":181, "basicAngle":0, "lo1":0.0, "la1":90.0, "lo2":359.0, "la2":-90.0, "dx":1.0, "dy":1.0 }, "data":
[rows 0 to 25 of 181, columns 59 to 117 of 360]
5.873252,5.873252,5.873252,5.873252,5.863252,5.863252,5.853252,5.843252,5.8232517,5.813252,5.793252,5.783252,5.763252,5.743252,5.713252,5.693252,5.663252,5.633252,5.603252,5.5732517,5.543252,5.503252,5.473252,5.433252,5.393252,5.353252,5.3032517,5.263252,5.213252,5.163252,5.123252,5.063252,5.013252,4.963252,4.903252,4.843252,4.793252,4.733252,4.663252,4.603252,4.543252,4.473252,4.403252,4.333252,4.263252,4.193252,4.123252,4.0532517,3.973252,3.903252,3.823252,3.743252,3.6632519,3.583252,3.503252,3.4232519,3.333252,3.253252,3.1632519
4.683252,4.653252,4.623252,4.593252,4.583252,4.583252,4.5732517,4.5732517,4.563252,4.563252,4.543252,4.533252,4.523252,4.513252,4.493252,4.473252,4.453252,4.443252,4.423252,4.423252,4.413252,4.393252,4.383252,4.373252,4.353252,4.343252,4.3232517,4.3032517,4.293252,4.273252,4.253252,4.223252,4.203252,4.173252,4.153252,4.123252,4.093252,4.063252,4.033252,3.993252,3.963252,3.9232519,3.883252,3.833252,3.793252,3.733252,3.6832519,3.623252,3.573252,3.503252,3.4332519,3.363252,3.303252,3.233252,3.1632519,3.093252,3.023252,2.9532518,2.883252
4.903252,4.903252,4.903252,4.903252,4.883252,4.873252,4.863252,4.833252,4.813252,4.8232517,4.8232517,4.8232517,4.813252,4.763252,4.703252,4.643252,4.593252,4.5532517,4.503252,4.453252,4.433252,4.403252,4.373252,4.353252,4.3032517,4.263252,4.213252,4.183252,4.163252,4.143252,4.113252,4.083252,4.043252,4.003252,3.963252,3.9132519,3.853252,3.793252,3.733252,3.6932518,3.6632519,3.633252,3.593252,3.543252,3.483252,3.403252,3.333252,3.243252,3.143252,3.073252,3.003252,2.9232519,2.853252,2.773252,2.7032518,2.633252,2.563252,2.493252,2.4132519
4.153252,4.193252,4.223252,4.273252,4.313252,4.373252,4.403252,4.423252,4.393252,4.343252,4.3032517,4.293252,4.273252,4.273252,4.273252,4.283252,4.293252,4.293252,4.283252,4.273252,4.243252,4.173252,4.113252,4.063252,4.023252,3.973252,3.9232519,3.873252,3.823252,3.763252,3.723252,3.6832519,3.643252,3.583252,3.523252,3.463252,3.4232519,3.383252,3.343252,3.323252,3.283252,3.243252,3.2032518,3.143252,3.093252,3.023252,2.9532518,2.873252,2.793252,2.723252,2.633252,2.553252,2.463252,2.393252,2.313252,2.233252,2.1632519,2.083252,2.023252
3.6632519,3.6632519,3.7032518,3.753252,3.813252,3.853252,3.853252,3.853252,3.873252,3.903252,3.973252,4.033252,4.0732517,4.103252,4.133252,4.153252,4.163252,4.153252,4.123252,4.083252,4.023252,3.9532518,3.873252,3.843252,3.823252,3.823252,3.793252,3.723252,3.633252,3.523252,3.4432518,3.373252,3.293252,3.2032518,3.073252,2.963252,2.863252,2.763252,2.763252,2.783252,2.823252,2.843252,2.753252,2.653252,2.553252,2.473252,2.383252,2.263252,2.153252,2.033252,1.933252,1.833252,1.7332519,1.6332519,1.563252,1.533252,1.4732519,1.413252,1.3532519
3.4532518,3.283252,3.233252,3.273252,3.303252,3.373252,3.4432518,3.513252,3.603252,3.653252,3.6732519,3.533252,3.4532518,3.4132519,3.4232519,3.383252,3.323252,3.263252,3.243252,3.233252,3.233252,3.223252,3.223252,3.233252,3.253252,3.263252,3.243252,3.1932518,3.143252,3.123252,3.023252,2.893252,2.773252,2.743252,2.743252,2.763252,2.753252,2.6932518,2.6632519,2.603252,2.543252,2.4232519,2.293252,2.1632519,2.043252,1.923252,1.803252,1.693252,1.593252,1.5132519,1.433252,1.333252,1.2532519,1.153252,1.043252,0.933252,0.82325196,0.7332519,0.6732519
3.483252,3.633252,3.723252,3.733252,3.6832519,3.523252,3.363252,3.273252,3.263252,3.253252,3.273252,3.263252,3.2032518,3.113252,3.143252,3.023252,2.893252,2.823252,2.863252,2.883252,2.863252,2.813252,2.763252,2.713252,2.713252,2.713252,2.7032518,2.6632519,2.573252,2.513252,2.533252,2.643252,2.753252,2.783252,2.723252,2.513252,2.373252,2.383252,2.4532518,2.333252,2.1632519,2.023252,1.8932519,1.7632519,1.6132519,1.4832519,1.333252,1.203252,1.053252,0.9232519,0.82325196,0.72325194,0.6132519,0.46325195,0.30325195,0.15325195,0.023251953,-0.106748044,-0.19674805
3.293252,3.133252,2.993252,2.9132519,2.9532518,3.083252,3.153252,3.113252,2.983252,2.853252,2.633252,2.4332519,2.4532518,2.4132519,2.363252,2.393252,2.403252,2.383252,2.283252,2.1732519,2.133252,2.2032518,2.353252,2.4432518,2.4532518,2.4532518,2.4332519,2.383252,2.333252,2.273252,2.223252,2.153252,2.013252,1.8532519,1.673252,1.593252,1.773252,1.8932519,1.803252,1.7532519,1.843252,1.783252,1.563252,1.4932519,1.3932519,1.273252,1.163252,1.063252,0.96325195,0.84325194,0.71325195,0.553252,0.39325196,0.22325195,0.10325196,-0.056748047,-0.25674805,-0.42674804,-0.566748
3.013252,2.853252,2.763252,2.723252,2.573252,2.4432518,2.313252,2.1632519,1.933252,1.7232519,1.573252,1.443252,1.403252,1.463252,1.653252,1.8932519,1.943252,1.903252,1.783252,1.673252,1.653252,1.6332519,1.583252,1.6232519,1.693252,1.7232519,1.673252,1.6132519,1.6032519,1.563252,1.533252,1.4832519,1.463252,1.5132519,1.673252,1.7632519,1.773252,1.813252,1.843252,1.783252,1.7532519,1.923252,1.713252,1.5132519,1.3932519,1.1432519,0.873252,0.63325197,0.43325195,0.29325196,0.16325195,0.043251954,-0.07674804,-0.17674805,-0.28674805,-0.38674805,-0.44674805,-0.47674805,-0.506748
1.433252,0.39325196,1.3832519,1.9932519,2.1632519,2.643252,1.9732519,1.273252,0.91325194,0.79325193,0.66325194,0.623252,0.873252,1.093252,1.1432519,1.153252,1.093252,1.0032519,0.90325195,0.96325195,1.1132519,1.313252,1.063252,0.95325196,0.9832519,1.033252,1.0032519,0.9832519,1.033252,1.093252,1.063252,0.21325195,-1.1167481,-1.1067481,-0.26674804,0.563252,1.083252,2.053252,3.333252,3.043252,2.583252,2.253252,1.9732519,1.593252,1.213252,0.873252,0.57325196,0.35325196,0.15325195,-0.0067480467,-0.08674805,-0.09674805,-0.08674805,-0.13674805,-0.27674806,-0.47674805,-0.696748,-0.89674807,-1.066748
-1.3967481,-1.2767481,-1.426748,-1.436748,-1.346748,-1.346748,-1.2467481,-0.99674803,-0.65674806,-0.45674804,-0.38674805,-0.39674804,-0.36674803,-0.34674805,-0.23674804,-0.09674805,-0.036748048,0.023251953,0.073251955,0.053251952,0.053251952,0.18325195,0.45325196,0.63325197,0.813252,0.97325194,1.023252,1.1032519,1.193252,1.3732519,1.5132519,1.543252,1.083252,0.90325195,0.69325197,-0.626748,0.013251953,0.58325195,0.84325194,-0.0067480467,1.163252,1.693252,1.2632519,0.9232519,0.89325196,0.96325195,0.83325195,0.53325194,0.38325197,0.34325194,0.18325195,-0.036748048,-0.26674804,-0.48674804,-0.66674805,-0.85674804,-1.1467481,-1.3567481,-1.5267481
-0.90674806,-1.326748,-1.546748,-1.676748,-1.976748,-1.976748,-1.716748,-1.3767481,-1.0167481,-0.59674805,-0.17674805,0.37325194,0.76325196,1.093252,1.173252,1.2532519,1.403252,1.4932519,1.593252,1.7332519,1.823252,1.7632519,1.6032519,1.4932519,1.463252,1.443252,1.303252,1.1232519,0.95325196,0.8632519,0.89325196,0.993252,1.293252,1.703252,2.343252,2.803252,0.96325195,-1.656748,-2.0567482,-0.14674805,-0.54674804,-3.5567482,-1.416748,1.203252,0.90325195,1.563252,0.44325197,0.26325196,0.073251955,0.033251952,-0.026748046,-0.15674804,-0.22674805,-0.33674803,-0.70674807,-1.156748,-1.436748,-1.6267481,-1.7367481
0.043251954,-1.066748,-1.826748,-2.376748,-2.986748,-3.266748,-3.186748,-2.676748,-1.5267481,0.13325195,0.15325195,2.783252,2.093252,2.573252,3.813252,3.093252,2.833252,2.733252,2.883252,2.973252,2.9532518,3.063252,3.243252,3.243252,3.253252,3.053252,2.973252,2.893252,2.883252,2.9332519,2.853252,2.773252,2.6732519,2.6832519,2.593252,2.493252,2.293252,1.833252,1.1232519,0.95325196,1.083252,0.113251954,-1.156748,-1.036748,-1.056748,-1.2667481,-1.166748,-0.89674807,-0.70674807,-0.64674807,-0.45674804,-0.15674804,0.013251953,-0.106748044,-0.28674805,-0.43674806,-0.8867481,-1.2767481,-1.6167481
0.30325195,-0.21674804,-0.34674805,-0.14674805,-0.08674805,-0.37674806,0.013251953,0.94325197,2.723252,2.523252,2.563252,5.003252,5.983252,5.693252,5.333252,5.063252,5.183252,5.063252,4.853252,4.673252,4.503252,4.3032517,4.143252,3.9432518,3.783252,3.763252,3.753252,3.743252,3.643252,3.463252,3.303252,3.123252,2.853252,2.6632519,2.403252,2.1932518,2.003252,1.773252,1.823252,1.7232519,1.6232519,1.653252,1.923252,2.023252,1.413252,0.41325197,0.26325196,-0.026748046,0.08325195,-0.73674804,-0.36674803,0.023251953,0.13325195,-0.15674804,-0.47674805,-0.49674806,-0.566748,-0.84674805,-1.1267481
1.453252,2.033252,2.573252,1.8532519,1.1332519,-0.566748,-2.266748,0.993252,2.4232519,4.373252,4.663252,4.633252,4.693252,5.0732517,4.913252,4.893252,5.003252,5.0532517,4.913252,4.863252,4.853252,4.793252,4.723252,4.5532517,4.403252,4.253252,4.143252,3.973252,3.9332519,4.043252,4.143252,4.133252,3.903252,3.573252,3.023252,2.233252,1.7632519,0.743252,1.713252,1.273252,0.9832519,2.323252,2.4432518,2.503252,2.763252,2.033252,0.82325196,0.48325196,0.48325196,0.08325195,0.043251954,0.52325195,0.28325194,0.64325196,1.033252,0.6132519,-0.83674806,-1.196748,-1.2567481
-1.0167481,-0.36674803,1.803252,3.603252,3.343252,3.013252,3.113252,3.243252,3.4332519,3.1932518,3.6732519,4.173252,4.093252,4.283252,4.653252,4.703252,4.743252,4.683252,4.713252,4.863252,4.923252,4.8032517,4.563252,4.233252,4.173252,4.153252,4.243252,4.8232517,5.093252,3.4232519,2.9432518,2.623252,2.493252,2.833252,1.1132519,1.083252,1.7632519,1.593252,2.1732519,1.653252,1.073252,0.78325194,1.293252,0.57325196,-0.40674806,-0.35674804,1.413252,0.873252,0.95325196,-0.34674805,0.113251954,0.48325196,-0.37674806,-0.85674804,-0.77674806,0.51325196,1.053252,0.993252,0.13325195
1.343252,2.753252,2.833252,2.843252,3.103252,2.983252,3.143252,3.503252,3.753252,4.123252,4.353252,4.643252,4.763252,4.903252,4.733252,4.713252,4.713252,4.513252,4.583252,4.873252,4.733252,4.843252,4.753252,4.263252,3.383252,3.353252,3.853252,4.153252,4.193252,3.9132519,2.803252,2.813252,1.683252,1.783252,2.9532518,2.083252,1.303252,-0.42674804,-0.22674805,0.40325195,0.7332519,0.63325197,0.7332519,0.813252,0.38325197,0.023251953,-0.41674805,0.12325195,0.803252,-0.21674804,-0.28674805,0.39325196,0.95325196,0.47325194,0.013251953,0.21325195,0.33325195,2.023252,2.503252
3.033252,3.493252,3.633252,3.4432518,3.243252,3.1732519,3.483252,3.903252,3.863252,3.9332519,3.6632519,2.9432518,2.9232519,3.103252,3.4132519,3.603252,3.713252,3.9432518,3.873252,3.963252,3.893252,4.723252,3.773252,3.033252,3.093252,3.323252,3.9432518,4.343252,4.3032517,4.173252,4.123252,4.033252,3.633252,3.4432518,3.1932518,2.633252,2.4532518,2.813252,2.753252,2.373252,2.043252,1.653252,1.773252,2.093252,2.093252,1.293252,1.563252,2.333252,2.2032518,1.3532519,0.7332519,0.39325196,0.35325196,0.65325195,0.6732519,0.9832519,0.76325196,0.69325197,1.1132519
3.213252,3.343252,3.623252,3.733252,3.2032518,3.243252,3.1832519,3.133252,2.903252,2.763252,2.713252,2.603252,2.463252,2.353252,3.153252,3.4332519,3.103252,3.773252,3.733252,3.9132519,3.463252,3.743252,4.373252,4.983252,4.633252,4.813252,4.863252,4.923252,4.753252,4.653252,4.683252,4.593252,4.583252,3.963252,4.033252,3.983252,3.793252,3.6632519,2.763252,2.143252,1.9932519,2.153252,1.7632519,2.6932518,3.493252,3.063252,2.543252,1.0132519,0.69325197,0.85325193,0.36325195,0.20325196,0.47325194,1.033252,0.40325195,-0.67674804,0.39325196,1.1332519,1.0032519
4.173252,3.753252,4.263252,3.9332519,3.553252,3.303252,2.9432518,2.303252,1.7532519,1.6332519,1.713252,1.8932519,2.003252,2.553252,3.043252,3.403252,3.523252,3.7032518,3.863252,4.413252,4.0532517,4.343252,4.603252,5.043252,6.533252,5.473252,5.3032517,5.773252,6.343252,6.083252,5.853252,5.3032517,2.733252,1.543252,0.9832519,0.49325195,0.06325195,0.25325194,0.95325196,0.97325194,1.043252,0.933252,1.1332519,1.433252,3.143252,2.513252,2.373252,1.8832519,2.4532518,1.693252,1.283252,0.48325196,-0.59674805,-0.36674803,1.2432519,1.1032519,1.163252,1.2332519,0.88325197
3.993252,4.753252,4.963252,3.803252,2.333252,2.323252,2.4532518,2.313252,2.463252,1.843252,1.933252,2.4532518,2.9132519,3.103252,3.9432518,3.763252,3.293252,3.743252,4.343252,4.333252,4.693252,5.033252,5.203252,5.033252,5.413252,5.913252,5.973252,6.8232517,7.173252,5.533252,4.963252,4.683252,3.323252,3.653252,2.4532518,1.3832519,1.553252,1.313252,1.333252,1.443252,-0.83674806,0.623252,0.60325193,1.343252,1.7432519,2.533252,1.413252,1.813252,1.433252,1.9732519,1.563252,0.16325195,1.063252,0.88325197,1.7232519,1.413252,1.423252,1.8832519,1.6332519
3.623252,4.203252,3.393252,2.583252,2.263252,2.343252,2.813252,2.4132519,2.4432518,3.2032518,2.4132519,2.6932518,3.003252,2.9232519,4.0532517,4.223252,4.473252,3.883252,4.653252,4.463252,4.933252,5.0732517,5.243252,4.8232517,4.123252,5.353252,5.373252,6.433252,6.343252,2.523252,4.393252,1.2432519,0.28325194,0.113251954,0.15325195,1.193252,0.9232519,0.033251952,0.28325194,1.173252,2.123252,-0.09674805,0.24325195,0.993252,0.89325196,1.3532519,0.16325195,-0.0067480467,-0.0067480467,0.47325194,0.53325194,0.63325197,1.173252,0.683252,0.64325196,1.3832519,1.4932519,1.713252,1.913252
3.583252,3.753252,3.4132519,2.473252,3.243252,3.273252,3.4332519,1.073252,-0.26674804,1.7432519,2.9332519,3.273252,2.873252,3.1932518,2.873252,3.863252,3.093252,3.233252,4.3032517,4.293252,4.733252,4.703252,4.693252,4.483252,3.9132519,4.043252,3.983252,4.163252,1.933252,-0.13674805,2.083252,3.153252,1.8832519,-0.95674807,0.40325195,1.053252,0.60325193,-0.26674804,0.75325197,0.78325194,-2.256748,-0.14674805,0.42325196,-0.40674806,1.8632519,1.9832519,2.6932518,2.613252,1.8932519,2.133252,2.113252,2.333252,1.8932519,1.293252,1.6132519,1.6132519,0.97325194,1.1232519,0.91325194
3.723252,2.6632519,2.283252,1.7432519,1.173252,1.293252,-0.23674804,-2.5767481,-0.18674804,2.483252,2.133252,2.013252,2.2032518,3.253252,3.803252,3.133252,3.383252,3.503252,3.853252,3.9332519,3.783252,3.513252,3.233252,3.273252,3.603252,2.653252,1.963252,2.783252,3.643252,0.44325197,-0.59674805,0.553252,0.803252,0.013251953,0.34325194,-0.27674806,0.17325196,-0.44674805,0.563252,-0.48674804,0.16325195,1.423252,3.833252,2.863252,2.883252,3.063252,2.843252,2.643252,2.763252,2.4532518,0.83325195,0.993252,1.1232519,0.77325195,1.793252,0.66325194,0.683252,0.49325195,0.19325195
1.2232519,2.583252,1.1132519,1.433252,-0.46674806,0.8632519,0.14325196,0.91325194,1.033252,1.2432519,1.093252,1.7632519,2.253252,2.9232519,3.1632519,3.273252,2.963252,3.263252,3.133252,3.053252,3.103252,3.383252,3.4232519,3.083252,3.653252,3.123252,4.193252,4.193252,3.263252,0.71325195,1.0032519,-0.91674805,0.53325194,-0.39674804,0.44325197,0.71325195,0.15325195,-0.30674803,0.33325195,-1.176748,-0.29674804,-0.506748,1.773252,3.053252,2.123252,1.673252,0.54325193,1.1332519,0.90325195,0.78325194,0.59325194,0.743252,2.003252,0.24325195,1.033252,0.08325195,-0.27674806,-0.67674804,-0.21674804
1.533252,-0.65674806,-1.7467481,0.51325196,2.2032518,0.77325195,1.563252,1.323252,1.413252,1.293252,1.453252,1.813252,2.073252,2.6832519,2.7032518,2.783252,2.9132519,2.9232519,2.893252,3.403252,3.333252,3.323252,3.793252,3.1632519,3.9332519,3.753252,4.143252,3.903252,4.123252,1.313252,0.70325196,1.413252,0.27325195,0.95325196,0.64325196,-0.106748044,0.13325195,-0.19674805,-0.22674805,0.42325196,-0.47674805,0.19325195,0.70325196,0.36325195,-0.17674805,-0.65674806,0.64325196,-0.036748048,-0.07674804,-0.016748047,-0.35674804,-0.73674804,-0.5167481,-0.65674806,-1.056748,-0.21674804,0.043251954,-0.13674805,-0.33674803
